1.421085471520200372e-13
-1.999999999998607336e-01
-1.999999999998607336e-01
3.500000000001470823e-01
5.000000000001492140e-01
6.500000000001513456e-01
9.000000000001548983e-01
1.000000000000156319e+00
1.150000000000158451e+00
1.400000000000162004e+00
1.400000000000162004e+00
1.700000000000166267e+00
1.900000000000169109e+00
2.150000000000172662e+00
2.500000000000177636e+00
2.550000000000178346e+00
2.550000000000178346e+00
2.200000000000173372e+00
2.350000000000175504e+00
2.750000000000181188e+00
3.100000000000186162e+00
3.350000000000189715e+00
3.450000000000191136e+00
3.750000000000195399e+00
3.750000000000195399e+00
3.700000000000194689e+00
3.850000000000196820e+00
3.700000000000194689e+00
3.900000000000197531e+00
4.150000000000201084e+00
4.450000000000205347e+00
3.900000000000197531e+00
3.700000000000194689e+00
3.550000000000192557e+00
3.500000000000191847e+00
3.850000000000196820e+00
3.350000000000189715e+00
3.400000000000190425e+00
3.350000000000189715e+00
3.300000000000189004e+00
3.500000000000191847e+00
3.250000000000188294e+00
2.950000000000184031e+00
2.800000000000181899e+00
2.550000000000178346e+00
2.300000000000174794e+00
1.950000000000169820e+00
1.650000000000165556e+00
1.300000000000160583e+00
1.000000000000156319e+00
8.500000000001541878e-01
6.000000000001506351e-01
5.000000000001492140e-01
7.000000000001520561e-01
3.500000000001470823e-01
1.421085471520200372e-13
-2.499999999998614442e-01
-5.499999999998657074e-01
-8.499999999998699707e-01
-1.049999999999872813e+00
-1.249999999999875655e+00
-1.349999999999877076e+00
-1.649999999999881339e+00
-1.499999999999879208e+00
-1.799999999999883471e+00
-2.049999999999887024e+00
-2.299999999999890576e+00
-2.599999999999894840e+00
-2.349999999999891287e+00
-2.699999999999896261e+00
-2.749999999999896971e+00
-3.049999999999901235e+00
-3.299999999999904787e+00
-3.349999999999905498e+00
-3.499999999999907629e+00
-3.599999999999909051e+00
-3.699999999999910472e+00
-3.999999999999914735e+00
-4.149999999999916866e+00
-4.199999999999917577e+00
-3.999999999999914735e+00
-3.999999999999914735e+00
-3.999999999999914735e+00
-4.299999999999918998e+00
-4.399999999999920419e+00
-4.249999999999918288e+00
-3.999999999999914735e+00
-3.649999999999909761e+00
-3.549999999999908340e+00
-3.599999999999909051e+00
-3.699999999999910472e+00
-3.499999999999907629e+00
-3.399999999999906208e+00
-3.199999999999903366e+00
-3.099999999999901945e+00
-2.799999999999897682e+00
-2.849999999999898392e+00
-2.599999999999894840e+00
-2.249999999999889866e+00
-1.999999999999886313e+00
-1.799999999999883471e+00
-1.549999999999879918e+00
-1.249999999999875655e+00
-8.999999999998706812e-01
-5.499999999998657074e-01
-1.499999999998600231e-01
2.000000000001449507e-01
5.000000000001492140e-01
7.500000000001527667e-01
1.050000000000157030e+00
1.350000000000161293e+00
1.650000000000165556e+00
2.000000000000170530e+00
2.300000000000174794e+00
2.500000000000177636e+00
2.800000000000181899e+00
3.100000000000186162e+00
3.150000000000186873e+00
3.500000000000191847e+00
3.450000000000191136e+00
3.700000000000194689e+00
3.600000000000193268e+00
3.250000000000188294e+00
3.550000000000192557e+00
3.700000000000194689e+00
3.700000000000194689e+00
3.600000000000193268e+00
3.650000000000193978e+00
3.900000000000197531e+00
3.850000000000196820e+00
4.000000000000198952e+00
4.250000000000202505e+00
4.200000000000201794e+00
3.950000000000198241e+00
3.850000000000196820e+00
3.900000000000197531e+00
4.150000000000201084e+00
3.500000000000191847e+00
3.200000000000187583e+00
2.850000000000182609e+00
2.900000000000183320e+00
2.550000000000178346e+00
2.300000000000174794e+00
2.150000000000172662e+00
1.900000000000169109e+00
1.850000000000168399e+00
1.600000000000164846e+00
1.850000000000168399e+00
1.550000000000164135e+00
1.200000000000159162e+00
1.700000000000166267e+00
1.350000000000161293e+00
1.050000000000157030e+00
9.500000000001556089e-01
6.500000000001513456e-01
6.500000000001513456e-01
3.500000000001470823e-01
5.000000000014281909e-02
-9.999999999985931254e-02
-3.999999999998635758e-01
-6.499999999998671285e-01
-5.999999999998664180e-01
-8.999999999998706812e-01
-1.099999999999873523e+00
-1.249999999999875655e+00
-1.499999999999879208e+00
-1.799999999999883471e+00
-2.099999999999887734e+00
-2.399999999999891998e+00
-2.799999999999897682e+00
-2.549999999999894129e+00
-2.349999999999891287e+00
-2.699999999999896261e+00
-2.899999999999899103e+00
-3.099999999999901945e+00
-3.349999999999905498e+00
-3.549999999999908340e+00
-3.249999999999904077e+00
-3.549999999999908340e+00
-3.799999999999911893e+00
-3.999999999999914735e+00
-3.949999999999914024e+00
-4.099999999999916156e+00
-4.049999999999915445e+00
-3.849999999999912603e+00
-3.799999999999911893e+00
-3.799999999999911893e+00
-3.749999999999911182e+00
-3.499999999999907629e+00
-3.349999999999905498e+00
-2.999999999999900524e+00
-2.699999999999896261e+00
-2.399999999999891998e+00
-2.099999999999887734e+00
-1.999999999999886313e+00
-1.649999999999881339e+00
-1.599999999999880629e+00
-1.349999999999877076e+00
-1.049999999999872813e+00
-9.499999999998713918e-01
