-3.552713678800500929e-14
-2.000000000000348166e-01
-2.000000000000348166e-01
2.999999999999634070e-01
3.999999999999630518e-01
4.999999999999626965e-01
5.999999999999623412e-01
6.999999999999619860e-01
7.999999999999616307e-01
8.999999999999612754e-01
8.999999999999612754e-01
9.999999999999609201e-01
1.099999999999960565e+00
1.199999999999960210e+00
1.399999999999959499e+00
1.499999999999959144e+00
1.499999999999959144e+00
1.499999999999959144e+00
1.599999999999958789e+00
1.699999999999958433e+00
1.799999999999958078e+00
1.899999999999957723e+00
1.999999999999957367e+00
2.099999999999957012e+00
2.099999999999957012e+00
2.199999999999956657e+00
2.299999999999956302e+00
2.399999999999955946e+00
2.399999999999955946e+00
2.499999999999955591e+00
2.599999999999955236e+00
2.599999999999955236e+00
2.599999999999955236e+00
2.699999999999954881e+00
2.699999999999954881e+00
2.799999999999954525e+00
2.699999999999954881e+00
2.699999999999954881e+00
2.799999999999954525e+00
2.799999999999954525e+00
2.799999999999954525e+00
2.799999999999954525e+00
2.799999999999954525e+00
2.699999999999954881e+00
2.699999999999954881e+00
2.699999999999954881e+00
2.599999999999955236e+00
2.499999999999955591e+00
2.399999999999955946e+00
2.299999999999956302e+00
2.299999999999956302e+00
2.199999999999956657e+00
2.199999999999956657e+00
2.099999999999957012e+00
1.999999999999957367e+00
1.999999999999957367e+00
1.899999999999957723e+00
1.799999999999958078e+00
1.699999999999958433e+00
1.699999999999958433e+00
1.599999999999958789e+00
1.499999999999959144e+00
1.499999999999959144e+00
1.399999999999959499e+00
1.299999999999959854e+00
1.299999999999959854e+00
1.199999999999960210e+00
1.099999999999960565e+00
1.099999999999960565e+00
9.999999999999609201e-01
9.999999999999609201e-01
8.999999999999612754e-01
8.999999999999612754e-01
7.999999999999616307e-01
7.999999999999616307e-01
6.999999999999619860e-01
5.999999999999623412e-01
5.999999999999623412e-01
4.999999999999626965e-01
4.999999999999626965e-01
3.999999999999630518e-01
3.999999999999630518e-01
2.999999999999634070e-01
2.999999999999634070e-01
1.999999999999637623e-01
1.999999999999637623e-01
-3.552713678800500929e-14
-3.552713678800500929e-14
-3.552713678800500929e-14
-1.000000000000351719e-01
-2.000000000000348166e-01
-2.000000000000348166e-01
-3.000000000000344613e-01
-4.000000000000341061e-01
-4.000000000000341061e-01
-5.000000000000337508e-01
-6.000000000000333955e-01
-6.000000000000333955e-01
-6.000000000000333955e-01
-7.000000000000330402e-01
-6.000000000000333955e-01
-6.000000000000333955e-01
-5.000000000000337508e-01
-5.000000000000337508e-01
-5.000000000000337508e-01
-5.000000000000337508e-01
-5.000000000000337508e-01
-4.000000000000341061e-01
-4.000000000000341061e-01
-4.000000000000341061e-01
-3.000000000000344613e-01
-2.000000000000348166e-01
-2.000000000000348166e-01
-1.000000000000351719e-01
-1.000000000000351719e-01
-3.552713678800500929e-14
9.999999999996411759e-02
9.999999999996411759e-02
1.999999999999637623e-01
1.999999999999637623e-01
2.999999999999634070e-01
3.999999999999630518e-01
3.999999999999630518e-01
3.999999999999630518e-01
4.999999999999626965e-01
5.999999999999623412e-01
5.999999999999623412e-01
5.999999999999623412e-01
6.999999999999619860e-01
7.999999999999616307e-01
7.999999999999616307e-01
8.999999999999612754e-01
8.999999999999612754e-01
9.999999999999609201e-01
9.999999999999609201e-01
1.099999999999960565e+00
1.099999999999960565e+00
1.199999999999960210e+00
1.199999999999960210e+00
1.199999999999960210e+00
1.299999999999959854e+00
1.299999999999959854e+00
1.299999999999959854e+00
1.299999999999959854e+00
1.299999999999959854e+00
1.399999999999959499e+00
1.399999999999959499e+00
1.399999999999959499e+00
1.399999999999959499e+00
1.399999999999959499e+00
1.399999999999959499e+00
1.399999999999959499e+00
1.299999999999959854e+00
1.299999999999959854e+00
1.199999999999960210e+00
1.199999999999960210e+00
1.099999999999960565e+00
1.099999999999960565e+00
1.099999999999960565e+00
9.999999999999609201e-01
8.999999999999612754e-01
8.999999999999612754e-01
7.999999999999616307e-01
7.999999999999616307e-01
6.999999999999619860e-01
5.999999999999623412e-01
5.999999999999623412e-01
4.999999999999626965e-01
3.999999999999630518e-01
3.999999999999630518e-01
3.999999999999630518e-01
2.999999999999634070e-01
2.999999999999634070e-01
1.999999999999637623e-01
9.999999999996411759e-02
9.999999999996411759e-02
9.999999999996411759e-02
-3.552713678800500929e-14
-3.552713678800500929e-14
-1.000000000000351719e-01
-1.000000000000351719e-01
-2.000000000000348166e-01
-2.000000000000348166e-01
-3.000000000000344613e-01
-3.000000000000344613e-01
-4.000000000000341061e-01
-4.000000000000341061e-01
-5.000000000000337508e-01
-5.000000000000337508e-01
-5.000000000000337508e-01
-6.000000000000333955e-01
-6.000000000000333955e-01
-6.000000000000333955e-01
-7.000000000000330402e-01
-7.000000000000330402e-01
-7.000000000000330402e-01
-8.000000000000326850e-01
-8.000000000000326850e-01
-8.000000000000326850e-01
-8.000000000000326850e-01
