4.999999999999626965e-01
7.999999999999616307e-01
1.299999999999959854e+00
-3.552713678800500929e-14
1.999999999999637623e-01
1.999999999999637623e-01
1.999999999999637623e-01
2.999999999999634070e-01
2.999999999999634070e-01
2.999999999999634070e-01
3.999999999999630518e-01
1.999999999999637623e-01
1.999999999999637623e-01
9.999999999996411759e-02
-2.000000000000348166e-01
-2.000000000000348166e-01
-2.000000000000348166e-01
-1.000000000000351719e-01
-1.000000000000351719e-01
-3.000000000000344613e-01
-5.000000000000337508e-01
-6.000000000000333955e-01
-5.000000000000337508e-01
-7.000000000000330402e-01
-7.000000000000330402e-01
-6.000000000000333955e-01
-7.000000000000330402e-01
-6.000000000000333955e-01
-7.000000000000330402e-01
-7.000000000000330402e-01
-8.000000000000326850e-01
-7.000000000000330402e-01
-7.000000000000330402e-01
-6.000000000000333955e-01
-6.000000000000333955e-01
-6.000000000000333955e-01
-7.000000000000330402e-01
-7.000000000000330402e-01
-6.000000000000333955e-01
-6.000000000000333955e-01
-6.000000000000333955e-01
-6.000000000000333955e-01
-6.000000000000333955e-01
-6.000000000000333955e-01
-6.000000000000333955e-01
-6.000000000000333955e-01
-6.000000000000333955e-01
-7.000000000000330402e-01
-8.000000000000326850e-01
-9.000000000000323297e-01
-9.000000000000323297e-01
-9.000000000000323297e-01
-9.000000000000323297e-01
-9.000000000000323297e-01
-1.100000000000031619e+00
-1.200000000000031264e+00
-1.200000000000031264e+00
-1.300000000000030909e+00
-1.300000000000030909e+00
-1.500000000000030198e+00
-1.500000000000030198e+00
-1.500000000000030198e+00
-1.600000000000029843e+00
-1.600000000000029843e+00
-1.700000000000029488e+00
-1.800000000000029132e+00
-1.800000000000029132e+00
-1.900000000000028777e+00
-1.900000000000028777e+00
-2.000000000000028422e+00
-2.000000000000028422e+00
-2.100000000000028066e+00
-2.200000000000027711e+00
-2.200000000000027711e+00
-2.300000000000027356e+00
-2.300000000000027356e+00
-2.300000000000027356e+00
-2.400000000000027001e+00
-2.400000000000027001e+00
-2.400000000000027001e+00
-2.400000000000027001e+00
-2.400000000000027001e+00
-2.400000000000027001e+00
-2.500000000000026645e+00
-2.500000000000026645e+00
-2.500000000000026645e+00
-2.400000000000027001e+00
-2.400000000000027001e+00
-2.400000000000027001e+00
-2.400000000000027001e+00
-2.400000000000027001e+00
-2.400000000000027001e+00
-2.300000000000027356e+00
-2.300000000000027356e+00
-2.300000000000027356e+00
-2.200000000000027711e+00
-2.200000000000027711e+00
-2.200000000000027711e+00
-2.200000000000027711e+00
-2.100000000000028066e+00
-2.100000000000028066e+00
-2.100000000000028066e+00
-2.100000000000028066e+00
-2.100000000000028066e+00
-2.100000000000028066e+00
-2.100000000000028066e+00
-2.000000000000028422e+00
-2.100000000000028066e+00
-2.000000000000028422e+00
-2.000000000000028422e+00
-2.000000000000028422e+00
-2.100000000000028066e+00
-2.100000000000028066e+00
-2.100000000000028066e+00
-2.100000000000028066e+00
-2.100000000000028066e+00
-2.100000000000028066e+00
-2.100000000000028066e+00
-2.200000000000027711e+00
-2.200000000000027711e+00
-2.200000000000027711e+00
-2.200000000000027711e+00
-2.200000000000027711e+00
-2.200000000000027711e+00
-2.200000000000027711e+00
-2.200000000000027711e+00
-2.200000000000027711e+00
-2.200000000000027711e+00
-2.200000000000027711e+00
-2.200000000000027711e+00
-2.200000000000027711e+00
-2.200000000000027711e+00
-2.200000000000027711e+00
-2.200000000000027711e+00
-2.200000000000027711e+00
-2.100000000000028066e+00
-2.200000000000027711e+00
-2.100000000000028066e+00
-2.100000000000028066e+00
-2.100000000000028066e+00
-2.000000000000028422e+00
-2.000000000000028422e+00
-1.900000000000028777e+00
-1.900000000000028777e+00
-1.900000000000028777e+00
-1.800000000000029132e+00
-1.800000000000029132e+00
-1.800000000000029132e+00
-1.700000000000029488e+00
-1.700000000000029488e+00
-1.700000000000029488e+00
-1.700000000000029488e+00
-1.800000000000029132e+00
-1.700000000000029488e+00
-1.800000000000029132e+00
-1.700000000000029488e+00
-1.800000000000029132e+00
-1.800000000000029132e+00
-1.800000000000029132e+00
-1.800000000000029132e+00
-1.900000000000028777e+00
-1.900000000000028777e+00
-2.000000000000028422e+00
-2.000000000000028422e+00
-2.100000000000028066e+00
-2.100000000000028066e+00
-2.200000000000027711e+00
-2.200000000000027711e+00
-2.200000000000027711e+00
-2.300000000000027356e+00
-2.300000000000027356e+00
-2.200000000000027711e+00
-2.300000000000027356e+00
-2.300000000000027356e+00
-2.300000000000027356e+00
-2.400000000000027001e+00
-2.400000000000027001e+00
-2.300000000000027356e+00
-2.400000000000027001e+00
-2.400000000000027001e+00
-2.500000000000026645e+00
-2.500000000000026645e+00
-2.500000000000026645e+00
-2.500000000000026645e+00
-2.400000000000027001e+00
-2.400000000000027001e+00
-2.400000000000027001e+00
-2.400000000000027001e+00
-2.400000000000027001e+00
-2.400000000000027001e+00
-2.300000000000027356e+00
-2.300000000000027356e+00
-2.300000000000027356e+00
-2.200000000000027711e+00
-2.200000000000027711e+00
-2.200000000000027711e+00
-2.100000000000028066e+00
-2.100000000000028066e+00
-2.100000000000028066e+00
-2.000000000000028422e+00
