4.999999999999626965e-01
8.999999999999612754e-01
1.299999999999959854e+00
-3.552713678800500929e-14
1.999999999999637623e-01
3.999999999999630518e-01
3.999999999999630518e-01
6.999999999999619860e-01
8.999999999999612754e-01
8.999999999999612754e-01
1.099999999999960565e+00
9.999999999999609201e-01
1.299999999999959854e+00
1.299999999999959854e+00
5.999999999999623412e-01
6.999999999999619860e-01
8.999999999999612754e-01
6.999999999999619860e-01
6.999999999999619860e-01
2.999999999999634070e-01
9.999999999996411759e-02
1.999999999999637623e-01
3.999999999999630518e-01
3.999999999999630518e-01
4.999999999999626965e-01
5.999999999999623412e-01
7.999999999999616307e-01
8.999999999999612754e-01
8.999999999999612754e-01
8.999999999999612754e-01
9.999999999999609201e-01
2.999999999999634070e-01
2.999999999999634070e-01
3.999999999999630518e-01
5.999999999999623412e-01
3.999999999999630518e-01
-5.000000000000337508e-01
-4.000000000000341061e-01
-2.000000000000348166e-01
-1.000000000000351719e-01
-1.000000000000351719e-01
-1.000000000000351719e-01
-3.000000000000344613e-01
-2.000000000000348166e-01
-2.000000000000348166e-01
-3.552713678800500929e-14
-3.552713678800500929e-14
-3.000000000000344613e-01
-2.000000000000348166e-01
-5.000000000000337508e-01
-2.000000000000348166e-01
-3.552713678800500929e-14
2.999999999999634070e-01
1.999999999999637623e-01
-4.000000000000341061e-01
-5.000000000000337508e-01
-4.000000000000341061e-01
-3.000000000000344613e-01
-1.000000000000351719e-01
-8.000000000000326850e-01
-6.000000000000333955e-01
-4.000000000000341061e-01
-3.000000000000344613e-01
-2.000000000000348166e-01
-9.000000000000323297e-01
-8.000000000000326850e-01
-8.000000000000326850e-01
-7.000000000000330402e-01
-7.000000000000330402e-01
-1.000000000000031974e+00
-9.000000000000323297e-01
-1.100000000000031619e+00
-1.500000000000030198e+00
-1.400000000000030553e+00
-1.200000000000031264e+00
-1.000000000000031974e+00
-8.000000000000326850e-01
-1.200000000000031264e+00
-1.100000000000031619e+00
-9.000000000000323297e-01
-9.000000000000323297e-01
-7.000000000000330402e-01
-5.000000000000337508e-01
-7.000000000000330402e-01
-5.000000000000337508e-01
-4.000000000000341061e-01
-5.000000000000337508e-01
-8.000000000000326850e-01
-6.000000000000333955e-01
-5.000000000000337508e-01
-3.000000000000344613e-01
-2.000000000000348166e-01
-1.000000000000351719e-01
9.999999999996411759e-02
2.999999999999634070e-01
9.999999999996411759e-02
1.999999999999637623e-01
1.999999999999637623e-01
-2.000000000000348166e-01
-1.000000000000351719e-01
-8.000000000000326850e-01
-1.200000000000031264e+00
-1.200000000000031264e+00
-1.100000000000031619e+00
-8.000000000000326850e-01
-5.000000000000337508e-01
-2.000000000000348166e-01
-4.000000000000341061e-01
-1.000000000000351719e-01
-3.552713678800500929e-14
1.999999999999637623e-01
-1.000000000000351719e-01
-3.552713678800500929e-14
2.999999999999634070e-01
5.999999999999623412e-01
6.999999999999619860e-01
7.999999999999616307e-01
9.999999999999609201e-01
5.999999999999623412e-01
6.999999999999619860e-01
6.999999999999619860e-01
7.999999999999616307e-01
4.999999999999626965e-01
3.999999999999630518e-01
4.999999999999626965e-01
5.999999999999623412e-01
7.999999999999616307e-01
8.999999999999612754e-01
8.999999999999612754e-01
1.099999999999960565e+00
1.199999999999960210e+00
1.199999999999960210e+00
1.399999999999959499e+00
1.299999999999959854e+00
1.499999999999959144e+00
1.699999999999958433e+00
1.599999999999958789e+00
1.999999999999637623e-01
9.999999999996411759e-02
-3.552713678800500929e-14
9.999999999996411759e-02
-3.552713678800500929e-14
9.999999999996411759e-02
2.999999999999634070e-01
4.999999999999626965e-01
6.999999999999619860e-01
7.999999999999616307e-01
7.999999999999616307e-01
6.999999999999619860e-01
2.999999999999634070e-01
-2.000000000000348166e-01
-4.000000000000341061e-01
-1.000000000000031974e+00
-9.000000000000323297e-01
-9.000000000000323297e-01
-8.000000000000326850e-01
-1.100000000000031619e+00
-1.000000000000031974e+00
-8.000000000000326850e-01
-1.000000000000031974e+00
-1.300000000000030909e+00
-1.300000000000030909e+00
-1.400000000000030553e+00
-1.300000000000030909e+00
-1.800000000000029132e+00
-1.600000000000029843e+00
-1.600000000000029843e+00
-1.500000000000030198e+00
-1.400000000000030553e+00
-1.300000000000030909e+00
-1.400000000000030553e+00
-1.400000000000030553e+00
-1.600000000000029843e+00
-1.500000000000030198e+00
-1.300000000000030909e+00
-1.200000000000031264e+00
-1.000000000000031974e+00
-1.200000000000031264e+00
-1.500000000000030198e+00
-1.400000000000030553e+00
-1.200000000000031264e+00
-1.100000000000031619e+00
-9.000000000000323297e-01
-8.000000000000326850e-01
-8.000000000000326850e-01
-6.000000000000333955e-01
-4.000000000000341061e-01
-2.000000000000348166e-01
-2.000000000000348166e-01
-3.552713678800500929e-14
-2.000000000000348166e-01
-3.000000000000344613e-01
-2.000000000000348166e-01
9.999999999996411759e-02
2.999999999999634070e-01
1.999999999999637623e-01
3.999999999999630518e-01
4.999999999999626965e-01
5.999999999999623412e-01
8.999999999999612754e-01
