5.000000000001492140e-01
8.500000000001541878e-01
1.250000000000159872e+00
1.421085471520200372e-13
1.500000000001442402e-01
2.500000000001456613e-01
3.000000000001463718e-01
4.500000000001485034e-01
5.500000000001499245e-01
5.500000000001499245e-01
7.000000000001520561e-01
6.000000000001506351e-01
7.500000000001527667e-01
7.500000000001527667e-01
1.500000000001442402e-01
3.000000000001463718e-01
4.500000000001485034e-01
4.000000000001477929e-01
5.000000000001492140e-01
2.000000000001449507e-01
-4.999999999985860200e-02
-4.999999999985860200e-02
1.000000000001435296e-01
1.421085471520200372e-13
1.500000000001442402e-01
2.500000000001456613e-01
4.000000000001477929e-01
5.000000000001492140e-01
6.000000000001506351e-01
5.500000000001499245e-01
5.500000000001499245e-01
2.000000000001449507e-01
2.000000000001449507e-01
3.000000000001463718e-01
4.000000000001477929e-01
3.000000000001463718e-01
-3.499999999998628653e-01
-2.499999999998614442e-01
-1.999999999998607336e-01
-9.999999999985931254e-02
-9.999999999985931254e-02
-1.499999999998600231e-01
-2.999999999998621547e-01
-1.999999999998607336e-01
-2.499999999998614442e-01
-2.499999999998614442e-01
-2.999999999998621547e-01
-5.499999999998657074e-01
-5.999999999998664180e-01
-8.499999999998699707e-01
-7.499999999998685496e-01
-6.499999999998671285e-01
-4.999999999998649969e-01
-3.499999999998628653e-01
-7.999999999998692601e-01
-8.999999999998706812e-01
-8.999999999998706812e-01
-8.999999999998706812e-01
-8.499999999998699707e-01
-1.349999999999877076e+00
-1.199999999999874944e+00
-1.049999999999872813e+00
-9.999999999998721023e-01
-8.499999999998699707e-01
-1.349999999999877076e+00
-1.249999999999875655e+00
-1.299999999999876366e+00
-1.299999999999876366e+00
-1.199999999999874944e+00
-1.449999999999878497e+00
-1.299999999999876366e+00
-1.449999999999878497e+00
-1.849999999999884182e+00
-1.699999999999882050e+00
-1.599999999999880629e+00
-1.449999999999878497e+00
-1.349999999999877076e+00
-1.649999999999881339e+00
-1.499999999999879208e+00
-1.349999999999877076e+00
-1.249999999999875655e+00
-1.099999999999873523e+00
-9.499999999998713918e-01
-1.049999999999872813e+00
-9.499999999998713918e-01
-7.999999999998692601e-01
-7.999999999998692601e-01
-9.499999999998713918e-01
-8.499999999998699707e-01
-7.499999999998685496e-01
-6.499999999998671285e-01
-5.499999999998657074e-01
-4.499999999998642863e-01
-3.499999999998628653e-01
-2.499999999998614442e-01
-3.499999999998628653e-01
-1.999999999998607336e-01
-2.499999999998614442e-01
-5.499999999998657074e-01
-4.999999999998649969e-01
-1.049999999999872813e+00
-1.349999999999877076e+00
-1.449999999999878497e+00
-1.449999999999878497e+00
-1.399999999999877787e+00
-1.349999999999877076e+00
-1.299999999999876366e+00
-1.449999999999878497e+00
-1.299999999999876366e+00
-1.299999999999876366e+00
-1.299999999999876366e+00
-1.449999999999878497e+00
-1.449999999999878497e+00
-1.399999999999877787e+00
-1.199999999999874944e+00
-1.149999999999874234e+00
-1.099999999999873523e+00
-7.999999999998692601e-01
-9.499999999998713918e-01
-6.499999999998671285e-01
-4.999999999998649969e-01
-1.499999999998600231e-01
-1.499999999998600231e-01
-9.999999999985931254e-02
5.000000000014281909e-02
2.000000000001449507e-01
3.500000000001470823e-01
5.000000000001492140e-01
5.000000000001492140e-01
6.500000000001513456e-01
7.500000000001527667e-01
7.500000000001527667e-01
9.000000000001548983e-01
9.500000000001556089e-01
1.050000000000157030e+00
1.150000000000158451e+00
1.150000000000158451e+00
2.000000000001449507e-01
5.000000000014281909e-02
-9.999999999985931254e-02
1.421085471520200372e-13
-1.999999999998607336e-01
-1.499999999998600231e-01
-4.999999999985860200e-02
1.421085471520200372e-13
1.500000000001442402e-01
2.000000000001449507e-01
3.000000000001463718e-01
3.000000000001463718e-01
1.421085471520200372e-13
-1.999999999998607336e-01
-3.999999999998635758e-01
-9.999999999998721023e-01
-9.499999999998713918e-01
-9.999999999998721023e-01
-8.999999999998706812e-01
-1.149999999999874234e+00
-1.149999999999874234e+00
-1.049999999999872813e+00
-1.249999999999875655e+00
-1.549999999999879918e+00
-1.449999999999878497e+00
-1.649999999999881339e+00
-1.599999999999880629e+00
-1.999999999999886313e+00
-1.899999999999884892e+00
-1.949999999999885603e+00
-1.949999999999885603e+00
-2.049999999999887024e+00
-2.049999999999887024e+00
-1.949999999999885603e+00
-1.799999999999883471e+00
-1.999999999999886313e+00
-1.949999999999885603e+00
-1.849999999999884182e+00
-1.799999999999883471e+00
-1.699999999999882050e+00
-1.599999999999880629e+00
-1.849999999999884182e+00
-1.849999999999884182e+00
-1.749999999999882760e+00
-1.599999999999880629e+00
-1.449999999999878497e+00
-1.299999999999876366e+00
-1.249999999999875655e+00
-1.049999999999872813e+00
-9.499999999998713918e-01
-7.499999999998685496e-01
-6.999999999998678391e-01
-5.999999999998664180e-01
-6.999999999998678391e-01
-7.499999999998685496e-01
-7.999999999998692601e-01
-6.999999999998678391e-01
-5.999999999998664180e-01
-6.499999999998671285e-01
-4.999999999998649969e-01
-4.999999999998649969e-01
-4.499999999998642863e-01
-2.999999999998621547e-01
