-3.552713678800500929e-14
-2.000000000000348166e-01
-2.000000000000348166e-01
2.999999999999634070e-01
3.999999999999630518e-01
5.999999999999623412e-01
6.999999999999619860e-01
7.999999999999616307e-01
9.999999999999609201e-01
1.099999999999960565e+00
1.199999999999960210e+00
1.399999999999959499e+00
1.599999999999958789e+00
1.799999999999958078e+00
1.999999999999957367e+00
2.099999999999957012e+00
2.199999999999956657e+00
1.999999999999957367e+00
2.199999999999956657e+00
2.399999999999955946e+00
2.599999999999955236e+00
2.799999999999954525e+00
2.999999999999953815e+00
3.199999999999953104e+00
3.299999999999952749e+00
3.399999999999952394e+00
3.499999999999952038e+00
3.499999999999952038e+00
3.699999999999951328e+00
3.899999999999950617e+00
4.099999999999949907e+00
3.799999999999950973e+00
3.699999999999951328e+00
3.599999999999951683e+00
3.599999999999951683e+00
3.799999999999950973e+00
3.399999999999952394e+00
3.399999999999952394e+00
3.399999999999952394e+00
3.399999999999952394e+00
3.499999999999952038e+00
3.299999999999952749e+00
3.099999999999953459e+00
2.999999999999953815e+00
2.799999999999954525e+00
2.599999999999955236e+00
2.499999999999955591e+00
2.199999999999956657e+00
2.099999999999957012e+00
1.899999999999957723e+00
1.699999999999958433e+00
1.499999999999959144e+00
1.299999999999959854e+00
1.299999999999959854e+00
1.099999999999960565e+00
8.999999999999612754e-01
6.999999999999619860e-01
4.999999999999626965e-01
2.999999999999634070e-01
1.999999999999637623e-01
-3.552713678800500929e-14
-2.000000000000348166e-01
-5.000000000000337508e-01
-6.000000000000333955e-01
-6.000000000000333955e-01
-8.000000000000326850e-01
-1.100000000000031619e+00
-1.300000000000030909e+00
-1.300000000000030909e+00
-1.500000000000030198e+00
-1.700000000000029488e+00
-1.800000000000029132e+00
-1.900000000000028777e+00
-2.000000000000028422e+00
-2.300000000000027356e+00
-2.400000000000027001e+00
-2.700000000000025935e+00
-2.800000000000025580e+00
-3.000000000000024869e+00
-3.200000000000024158e+00
-3.200000000000024158e+00
-3.300000000000023803e+00
-3.400000000000023448e+00
-3.700000000000022382e+00
-3.800000000000022027e+00
-3.800000000000022027e+00
-3.700000000000022382e+00
-3.500000000000023093e+00
-3.500000000000023093e+00
-3.500000000000023093e+00
-3.600000000000022737e+00
-3.500000000000023093e+00
-3.400000000000023448e+00
-3.300000000000023803e+00
-3.300000000000023803e+00
-3.100000000000024514e+00
-3.100000000000024514e+00
-2.900000000000025224e+00
-2.700000000000025935e+00
-2.500000000000026645e+00
-2.300000000000027356e+00
-2.200000000000027711e+00
-2.000000000000028422e+00
-1.800000000000029132e+00
-1.600000000000029843e+00
-1.400000000000030553e+00
-1.200000000000031264e+00
-1.000000000000031974e+00
-8.000000000000326850e-01
-6.000000000000333955e-01
-4.000000000000341061e-01
-2.000000000000348166e-01
-3.552713678800500929e-14
2.999999999999634070e-01
6.999999999999619860e-01
8.999999999999612754e-01
1.199999999999960210e+00
1.699999999999958433e+00
1.799999999999958078e+00
2.299999999999956302e+00
2.599999999999955236e+00
2.899999999999954170e+00
2.799999999999954525e+00
3.099999999999953459e+00
3.199999999999953104e+00
3.399999999999952394e+00
3.399999999999952394e+00
3.499999999999952038e+00
3.699999999999951328e+00
3.699999999999951328e+00
3.799999999999950973e+00
3.999999999999950262e+00
3.999999999999950262e+00
3.899999999999950617e+00
3.899999999999950617e+00
3.899999999999950617e+00
3.999999999999950262e+00
3.599999999999951683e+00
3.399999999999952394e+00
3.199999999999953104e+00
3.099999999999953459e+00
2.899999999999954170e+00
2.699999999999954881e+00
2.599999999999955236e+00
2.399999999999955946e+00
2.299999999999956302e+00
2.099999999999957012e+00
2.099999999999957012e+00
1.899999999999957723e+00
1.699999999999958433e+00
1.899999999999957723e+00
1.699999999999958433e+00
1.599999999999958789e+00
1.499999999999959144e+00
1.299999999999959854e+00
1.199999999999960210e+00
1.099999999999960565e+00
8.999999999999612754e-01
6.999999999999619860e-01
4.999999999999626965e-01
4.999999999999626965e-01
3.999999999999630518e-01
1.999999999999637623e-01
-3.552713678800500929e-14
-3.552713678800500929e-14
-2.000000000000348166e-01
-4.000000000000341061e-01
-5.000000000000337508e-01
-7.000000000000330402e-01
-8.000000000000326850e-01
-1.000000000000031974e+00
-1.100000000000031619e+00
-1.200000000000031264e+00
-1.500000000000030198e+00
-1.600000000000029843e+00
-1.900000000000028777e+00
-2.100000000000028066e+00
-2.200000000000027711e+00
-2.300000000000027356e+00
-2.500000000000026645e+00
-2.800000000000025580e+00
-2.900000000000025224e+00
-3.100000000000024514e+00
-3.200000000000024158e+00
-3.200000000000024158e+00
-3.300000000000023803e+00
-3.400000000000023448e+00
-3.500000000000023093e+00
-3.400000000000023448e+00
-3.300000000000023803e+00
-3.100000000000024514e+00
-2.900000000000025224e+00
-2.700000000000025935e+00
-2.600000000000026290e+00
-2.500000000000026645e+00
-2.300000000000027356e+00
-2.200000000000027711e+00
-2.000000000000028422e+00
-1.800000000000029132e+00
-1.600000000000029843e+00
