1.421085471520200372e-13
-1.999999999998607336e-01
-1.999999999998607336e-01
3.000000000001463718e-01
3.500000000001470823e-01
5.000000000001492140e-01
6.500000000001513456e-01
7.000000000001520561e-01
8.000000000001534772e-01
9.500000000001556089e-01
1.000000000000156319e+00
1.150000000000158451e+00
1.250000000000159872e+00
1.350000000000161293e+00
1.500000000000163425e+00
1.600000000000164846e+00
1.650000000000165556e+00
1.650000000000165556e+00
1.750000000000166978e+00
1.850000000000168399e+00
2.000000000000170530e+00
2.100000000000171951e+00
2.200000000000173372e+00
2.300000000000174794e+00
2.400000000000176215e+00
2.500000000000177636e+00
2.600000000000179057e+00
2.700000000000180478e+00
2.800000000000181899e+00
2.900000000000183320e+00
3.000000000000184741e+00
3.000000000000184741e+00
3.050000000000185452e+00
3.050000000000185452e+00
3.100000000000186162e+00
3.200000000000187583e+00
3.000000000000184741e+00
3.050000000000185452e+00
3.050000000000185452e+00
3.100000000000186162e+00
3.150000000000186873e+00
3.100000000000186162e+00
3.000000000000184741e+00
2.950000000000184031e+00
2.850000000000182609e+00
2.800000000000181899e+00
2.650000000000179767e+00
2.550000000000178346e+00
2.400000000000176215e+00
2.300000000000174794e+00
2.200000000000173372e+00
2.150000000000172662e+00
2.050000000000171241e+00
2.000000000000170530e+00
1.900000000000169109e+00
1.800000000000167688e+00
1.700000000000166267e+00
1.600000000000164846e+00
1.500000000000163425e+00
1.450000000000162714e+00
1.350000000000161293e+00
1.250000000000159872e+00
1.150000000000158451e+00
1.100000000000157740e+00
1.050000000000157030e+00
9.500000000001556089e-01
9.000000000001548983e-01
8.000000000001534772e-01
7.000000000001520561e-01
7.000000000001520561e-01
6.000000000001506351e-01
5.500000000001499245e-01
5.500000000001499245e-01
4.500000000001485034e-01
3.500000000001470823e-01
3.000000000001463718e-01
2.000000000001449507e-01
2.000000000001449507e-01
1.000000000001435296e-01
-4.999999999985860200e-02
-9.999999999985931254e-02
-1.999999999998607336e-01
-2.999999999998621547e-01
-3.999999999998635758e-01
-4.999999999998649969e-01
-5.999999999998664180e-01
-7.499999999998685496e-01
-7.999999999998692601e-01
-9.499999999998713918e-01
-1.099999999999873523e+00
-1.249999999999875655e+00
-1.399999999999877787e+00
-1.499999999999879208e+00
-1.649999999999881339e+00
-1.799999999999883471e+00
-1.849999999999884182e+00
-1.999999999999886313e+00
-2.049999999999887024e+00
-1.949999999999885603e+00
-1.899999999999884892e+00
-1.699999999999882050e+00
-1.499999999999879208e+00
-1.349999999999877076e+00
-1.299999999999876366e+00
-1.199999999999874944e+00
-1.149999999999874234e+00
-1.049999999999872813e+00
-9.499999999998713918e-01
-8.499999999998699707e-01
-7.499999999998685496e-01
-6.499999999998671285e-01
-4.999999999998649969e-01
-3.999999999998635758e-01
-2.999999999998621547e-01
-1.999999999998607336e-01
-9.999999999985931254e-02
1.421085471520200372e-13
1.000000000001435296e-01
2.000000000001449507e-01
3.500000000001470823e-01
4.000000000001477929e-01
5.500000000001499245e-01
6.500000000001513456e-01
7.000000000001520561e-01
8.500000000001541878e-01
9.500000000001556089e-01
1.050000000000157030e+00
1.200000000000159162e+00
1.300000000000160583e+00
1.450000000000162714e+00
1.550000000000164135e+00
1.700000000000166267e+00
1.850000000000168399e+00
2.000000000000170530e+00
2.150000000000172662e+00
2.300000000000174794e+00
2.450000000000176925e+00
2.450000000000176925e+00
2.450000000000176925e+00
2.400000000000176215e+00
2.500000000000177636e+00
2.400000000000176215e+00
2.400000000000176215e+00
2.350000000000175504e+00
2.350000000000175504e+00
2.300000000000174794e+00
2.250000000000174083e+00
2.250000000000174083e+00
2.200000000000173372e+00
2.050000000000171241e+00
2.100000000000171951e+00
2.000000000000170530e+00
1.800000000000167688e+00
1.750000000000166978e+00
1.600000000000164846e+00
1.600000000000164846e+00
1.450000000000162714e+00
1.350000000000161293e+00
1.250000000000159872e+00
1.150000000000158451e+00
1.000000000000156319e+00
1.000000000000156319e+00
8.500000000001541878e-01
8.000000000001534772e-01
7.000000000001520561e-01
6.000000000001506351e-01
5.000000000001492140e-01
4.000000000001477929e-01
3.500000000001470823e-01
2.500000000001456613e-01
2.000000000001449507e-01
1.000000000001435296e-01
5.000000000014281909e-02
-4.999999999985860200e-02
-1.499999999998600231e-01
-2.499999999998614442e-01
-3.499999999998628653e-01
-3.999999999998635758e-01
-4.999999999998649969e-01
-5.499999999998657074e-01
-6.499999999998671285e-01
-7.499999999998685496e-01
-8.499999999998699707e-01
-9.499999999998713918e-01
-1.099999999999873523e+00
-1.199999999999874944e+00
-1.349999999999877076e+00
-1.449999999999878497e+00
-1.549999999999879918e+00
-1.699999999999882050e+00
-1.699999999999882050e+00
-1.749999999999882760e+00
-1.749999999999882760e+00
-1.799999999999883471e+00
-1.849999999999884182e+00
-1.799999999999883471e+00
-1.799999999999883471e+00
-1.799999999999883471e+00
-1.699999999999882050e+00
-1.699999999999882050e+00
