1.421085471520200372e-13
-1.999999999998607336e-01
-1.999999999998607336e-01
3.000000000001463718e-01
4.000000000001477929e-01
5.500000000001499245e-01
7.500000000001527667e-01
8.000000000001534772e-01
9.500000000001556089e-01
1.150000000000158451e+00
1.200000000000159162e+00
1.400000000000162004e+00
1.550000000000164135e+00
1.750000000000166978e+00
1.950000000000169820e+00
2.050000000000171241e+00
2.200000000000173372e+00
2.050000000000171241e+00
2.150000000000172662e+00
2.400000000000176215e+00
2.600000000000179057e+00
2.800000000000181899e+00
2.950000000000184031e+00
3.200000000000187583e+00
3.300000000000189004e+00
3.350000000000189715e+00
3.550000000000192557e+00
3.550000000000192557e+00
3.700000000000194689e+00
3.850000000000196820e+00
4.100000000000200373e+00
3.750000000000195399e+00
3.650000000000193978e+00
3.600000000000193268e+00
3.550000000000192557e+00
3.750000000000195399e+00
3.400000000000190425e+00
3.400000000000190425e+00
3.400000000000190425e+00
3.350000000000189715e+00
3.500000000000191847e+00
3.350000000000189715e+00
3.100000000000186162e+00
3.000000000000184741e+00
2.800000000000181899e+00
2.650000000000179767e+00
2.450000000000176925e+00
2.250000000000174083e+00
2.050000000000171241e+00
1.900000000000169109e+00
1.750000000000166978e+00
1.500000000000163425e+00
1.300000000000160583e+00
1.250000000000159872e+00
1.100000000000157740e+00
9.000000000001548983e-01
7.000000000001520561e-01
5.000000000001492140e-01
2.500000000001456613e-01
2.500000000001456613e-01
1.421085471520200372e-13
-1.999999999998607336e-01
-4.499999999998642863e-01
-5.999999999998664180e-01
-5.999999999998664180e-01
-8.499999999998699707e-01
-1.049999999999872813e+00
-1.249999999999875655e+00
-1.349999999999877076e+00
-1.449999999999878497e+00
-1.699999999999882050e+00
-1.849999999999884182e+00
-1.849999999999884182e+00
-2.049999999999887024e+00
-2.249999999999889866e+00
-2.449999999999892708e+00
-2.649999999999895550e+00
-2.749999999999896971e+00
-2.999999999999900524e+00
-3.199999999999903366e+00
-3.199999999999903366e+00
-3.349999999999905498e+00
-3.449999999999906919e+00
-3.649999999999909761e+00
-3.799999999999911893e+00
-3.849999999999912603e+00
-3.699999999999910472e+00
-3.449999999999906919e+00
-3.449999999999906919e+00
-3.499999999999907629e+00
-3.599999999999909051e+00
-3.499999999999907629e+00
-3.449999999999906919e+00
-3.349999999999905498e+00
-3.299999999999904787e+00
-3.099999999999901945e+00
-3.099999999999901945e+00
-2.899999999999899103e+00
-2.699999999999896261e+00
-2.499999999999893419e+00
-2.349999999999891287e+00
-2.199999999999889155e+00
-1.999999999999886313e+00
-1.799999999999883471e+00
-1.649999999999881339e+00
-1.449999999999878497e+00
-1.249999999999875655e+00
-1.049999999999872813e+00
-7.999999999998692601e-01
-5.999999999998664180e-01
-3.499999999998628653e-01
-1.999999999998607336e-01
5.000000000014281909e-02
3.000000000001463718e-01
6.500000000001513456e-01
9.500000000001556089e-01
1.250000000000159872e+00
1.700000000000166267e+00
1.850000000000168399e+00
2.250000000000174083e+00
2.600000000000179057e+00
2.900000000000183320e+00
2.800000000000181899e+00
3.050000000000185452e+00
3.250000000000188294e+00
3.350000000000189715e+00
3.400000000000190425e+00
3.500000000000191847e+00
3.650000000000193978e+00
3.700000000000194689e+00
3.800000000000196110e+00
4.000000000000198952e+00
4.050000000000199663e+00
3.950000000000198241e+00
3.850000000000196820e+00
3.900000000000197531e+00
4.050000000000199663e+00
3.600000000000193268e+00
3.400000000000190425e+00
3.150000000000186873e+00
3.150000000000186873e+00
2.900000000000183320e+00
2.750000000000181188e+00
2.600000000000179057e+00
2.400000000000176215e+00
2.300000000000174794e+00
2.100000000000171951e+00
2.100000000000171951e+00
1.900000000000169109e+00
1.700000000000166267e+00
1.950000000000169820e+00
1.750000000000166978e+00
1.600000000000164846e+00
1.500000000000163425e+00
1.300000000000160583e+00
1.200000000000159162e+00
1.050000000000157030e+00
8.500000000001541878e-01
7.000000000001520561e-01
5.500000000001499245e-01
4.500000000001485034e-01
3.500000000001470823e-01
2.000000000001449507e-01
5.000000000014281909e-02
1.421085471520200372e-13
-1.999999999998607336e-01
-3.499999999998628653e-01
-5.499999999998657074e-01
-6.999999999998678391e-01
-8.999999999998706812e-01
-9.499999999998713918e-01
-1.099999999999873523e+00
-1.199999999999874944e+00
-1.449999999999878497e+00
-1.699999999999882050e+00
-1.899999999999884892e+00
-2.149999999999888445e+00
-2.149999999999888445e+00
-2.299999999999890576e+00
-2.499999999999893419e+00
-2.699999999999896261e+00
-2.849999999999898392e+00
-3.099999999999901945e+00
-3.249999999999904077e+00
-3.199999999999903366e+00
-3.299999999999904787e+00
-3.399999999999906208e+00
-3.499999999999907629e+00
-3.399999999999906208e+00
-3.349999999999905498e+00
-3.099999999999901945e+00
-2.949999999999899813e+00
-2.749999999999896971e+00
-2.599999999999894840e+00
-2.499999999999893419e+00
-2.299999999999890576e+00
-2.199999999999889155e+00
-1.999999999999886313e+00
-1.799999999999883471e+00
-1.649999999999881339e+00
