1.000000000000000000e+00
1.031395259764656736e+00
1.062666616782152129e+00
1.093690657292862412e+00
1.124344943582427314e+00
1.154508497187473726e+00
1.184062276342338960e+00
1.212889645782536441e+00
1.240876837050857606e+00
1.267913397489498273e+00
1.293892626146236680e+00
1.318711994874344873e+00
1.342273552964344363e+00
1.364484313710705887e+00
1.385256621387894516e+00
1.404508497187473726e+00
1.422163962751007649e+00
1.438153340021931736e+00
1.452413526233009788e+00
1.464888242944125674e+00
1.475528258147576821e+00
1.484291580564315538e+00
1.491143625364344416e+00
1.496057350657238771e+00
1.499013364214135891e+00
1.500000000000000000e+00
1.499013364214135891e+00
1.496057350657238993e+00
1.491143625364344416e+00
1.484291580564315538e+00
1.475528258147576821e+00
1.464888242944125674e+00
1.452413526233009788e+00
1.438153340021931736e+00
1.422163962751007427e+00
1.404508497187473726e+00
1.385256621387894516e+00
1.364484313710705887e+00
1.342273552964344363e+00
1.318711994874344873e+00
1.293892626146236680e+00
1.267913397489498495e+00
1.240876837050857606e+00
1.212889645782536441e+00
1.184062276342339182e+00
1.154508497187473726e+00
1.124344943582427536e+00
1.093690657292862189e+00
1.062666616782152351e+00
1.031395259764656736e+00
1.000000000000000000e+00
9.686047402353433755e-01
9.373333832178478708e-01
9.063093427071375885e-01
8.756550564175726858e-01
8.454915028125263854e-01
8.159377236576610404e-01
7.871103542174638923e-01
7.591231629491422828e-01
7.320866025105017272e-01
7.061073738537636535e-01
6.812880051256551273e-01
6.577264470356558590e-01
6.355156862892942238e-01
6.147433786121052623e-01
5.954915028125262744e-01
5.778360372489923513e-01
5.618466599780682635e-01
5.475864737669901006e-01
5.351117570558743264e-01
5.244717418524231789e-01
5.157084194356844620e-01
5.088563746356555839e-01
5.039426493427611176e-01
5.009866357858642205e-01
5.000000000000000000e-01
5.009866357858642205e-01
5.039426493427610065e-01
5.088563746356555839e-01
5.157084194356844620e-01
5.244717418524231789e-01
5.351117570558742154e-01
5.475864737669899895e-01
5.618466599780682635e-01
5.778360372489924623e-01
5.954915028125262744e-01
6.147433786121052623e-01
6.355156862892938907e-01
6.577264470356555259e-01
6.812880051256551273e-01
7.061073738537633204e-01
7.320866025105015051e-01
7.591231629491419497e-01
7.871103542174635592e-01
8.159377236576610404e-01
8.454915028125261633e-01
8.756550564175723528e-01
9.063093427071376995e-01
9.373333832178476488e-01
9.686047402353433755e-01
9.999999999999998890e-01
1.031395259764656291e+00
1.062666616782152129e+00
1.093690657292862189e+00
1.124344943582427536e+00
1.154508497187473504e+00
1.184062276342339182e+00
1.212889645782536219e+00
1.240876837050857384e+00
1.267913397489498051e+00
1.293892626146236458e+00
1.318711994874345095e+00
1.342273552964344363e+00
1.364484313710705443e+00
1.385256621387894294e+00
1.404508497187473948e+00
1.422163962751007649e+00
1.438153340021931736e+00
1.452413526233009566e+00
1.464888242944125452e+00
1.475528258147576599e+00
1.484291580564315538e+00
1.491143625364344416e+00
1.496057350657238771e+00
1.499013364214135891e+00
1.500000000000000000e+00
1.499013364214135891e+00
1.496057350657238993e+00
1.491143625364344416e+00
1.484291580564315538e+00
1.475528258147576821e+00
1.464888242944125896e+00
1.452413526233009566e+00
1.438153340021931736e+00
1.422163962751007649e+00
1.404508497187473726e+00
1.385256621387894294e+00
1.364484313710705443e+00
1.342273552964344141e+00
1.318711994874344873e+00
1.293892626146236680e+00
1.267913397489498717e+00
1.240876837050857384e+00
1.212889645782536219e+00
1.184062276342338960e+00
1.154508497187473948e+00
1.124344943582427758e+00
1.093690657292861967e+00
1.062666616782151907e+00
1.031395259764656736e+00
1.000000000000000222e+00
9.686047402353437086e-01
9.373333832178484260e-01
9.063093427071374775e-01
8.756550564175726858e-01
8.454915028125264964e-01
8.159377236576613734e-01
7.871103542174642254e-01
7.591231629491421717e-01
7.320866025105017272e-01
7.061073738537635425e-01
6.812880051256553493e-01
6.577264470356560810e-01
6.355156862892947789e-01
6.147433786121059285e-01
5.954915028125269405e-01
5.778360372489921293e-01
5.618466599780680415e-01
5.475864737669902116e-01
5.351117570558743264e-01
5.244717418524232899e-01
5.157084194356844620e-01
5.088563746356558060e-01
5.039426493427612286e-01
5.009866357858643315e-01
5.000000000000000000e-01
5.009866357858642205e-01
5.039426493427611176e-01
5.088563746356556949e-01
5.157084194356844620e-01
5.244717418524231789e-01
5.351117570558741043e-01
5.475864737669899895e-01
5.618466599780678195e-01
5.778360372489919072e-01
5.954915028125261633e-01
6.147433786121051513e-01
6.355156862892944458e-01
6.577264470356557480e-01
6.812880051256551273e-01
7.061073738537633204e-01
7.320866025105012831e-01
7.591231629491418387e-01
7.871103542174630041e-01
8.159377236576609294e-01
8.454915028125260523e-01
8.756550564175722418e-01
9.063093427071371444e-01
9.373333832178479819e-01
9.686047402353432645e-01
