1.988899091559381133e-02
-4.861870667205959173e-01
-1.942859275827372167e-01
2.016553197550230436e+00
7.452718363891760456e-01
1.122201667515943857e+00
1.592211986453578199e+00
1.022339785892470099e+00
1.537950035840683682e+00
1.938699505998058292e+00
1.318255705888948359e+00
2.407401356203464626e+00
2.127088938022634323e+00
2.579010172344506913e+00
4.042770903376775138e+00
2.459726351701593483e+00
2.505481133162379415e+00
1.371477999104761203e+00
2.688552115428608946e+00
4.150238287684349991e+00
4.650161669619458316e+00
4.015531876890522156e+00
3.532959339539071042e+00
4.919630612954902560e+00
3.562850097562215712e+00
3.492064930263689249e+00
4.204237789358121979e+00
3.382564709905941491e+00
4.325744585702848255e+00
4.790887674687969167e+00
5.145602277810419345e+00
2.525390750394777228e+00
3.010307695658793303e+00
3.195445250868617748e+00
3.439984714742663652e+00
4.904278608723108945e+00
6.585714865095604331e-01
3.834440572145692006e+00
3.055493864552853545e+00
3.298297026121518982e+00
4.381193068252853706e+00
2.171511424457785999e+00
1.257046369190170321e+00
2.507759666567466184e+00
1.342998000085830146e+00
1.433219957192025884e+00
8.006759777852049398e-01
-2.705345278138673315e-01
-1.762378734743486053e-02
-1.317175771645597626e+00
8.178483838358202584e-01
1.380877903645001403e-01
3.702453517645111214e-01
1.355953474034497175e+00
-2.133438863803282626e+00
-1.868506866418743639e+00
-1.279818473964351666e+00
-1.915263739148656441e+00
-1.722232767029526990e+00
-4.330924196026115780e+00
-1.501205433567221581e+00
-1.527328166636575446e+00
-2.574443401962720923e+00
-8.426823823607101360e-01
-5.109300784197582601e+00
-2.852704572710332620e+00
-4.208971076119528476e+00
-3.891807685203366063e+00
-1.167059048235560947e+00
-5.542948227386695237e+00
-2.834240080487725688e+00
-5.740556246958743003e+00
-7.376011461975032546e+00
-2.931736019504199930e+00
-4.376332042552508739e+00
-3.554237120471611888e+00
-4.117171107706623978e+00
-7.304536431309099243e+00
-4.642006150763798189e+00
-4.122948981289236592e+00
-2.673440300902214517e+00
-3.922816659510346415e+00
-4.039930711534664098e+00
-6.209029203343662928e+00
-4.521663267036358569e+00
-3.671379510180234895e+00
-2.619957161189403028e+00
-1.403281239149127169e+00
-3.343999785957039617e+00
-3.943759644467900394e+00
-4.208581716616667023e+00
-2.765262019688822015e+00
-2.867669352689501405e+00
-2.696261325673235287e+00
-2.956520183684784087e+00
-1.571581123720249495e+00
-3.204926885671379289e+00
-1.581819685409769249e+00
-2.268559534212830631e-01
-1.047290746941252015e+00
1.607694306810472318e+00
1.997032069599997239e+00
1.444628899072074368e+00
8.761959758271227194e-01
5.140977775640849234e-01
5.237547331422048869e-01
9.200484828624174716e-01
2.477025506343940808e+00
9.181384266565069119e-01
2.091849571114190010e+00
2.166818413937443122e+00
3.597050024268934276e+00
3.093697624873270158e+00
2.800515897228041950e+00
2.687234866529456756e+00
3.456057313167726797e+00
3.841230561674542354e+00
3.059003684354813402e+00
4.800747151062813245e+00
3.223608040042970302e+00
4.384849212880604696e+00
3.360008557637816473e+00
2.218177715318799592e+00
4.443470529908050359e+00
4.088641327645965440e+00
3.726702513297907249e+00
3.338519107131832975e+00
3.748391280018473992e+00
4.506644881057163765e+00
3.734918831216244683e+00
4.230873905817446712e+00
4.706835282888155447e+00
4.088104543974558247e+00
3.551131899273248571e+00
3.643962162509193803e+00
4.010755969967816803e+00
4.518649733343868213e+00
1.361829299944681049e+00
1.913786711236860949e+00
1.442525244530220796e+00
3.096442374692579325e+00
9.383538457954956336e-01
1.738977839810723180e+00
1.732297708481098875e+00
1.318336325711743973e+00
1.910765706458259716e+00
1.053470379933754142e+00
2.333643198391468054e+00
8.796085686754682165e-01
-3.076371387510746236e-01
3.282071189875584327e+00
-4.169927024603267696e-01
-2.922887348009205244e+00
6.660833708425705213e-01
-1.215428535652529618e+00
7.240157762421985943e-01
-2.703438638844732456e+00
-1.608984220010930333e+00
-4.282405210671940132e-01
-2.872117990311401581e+00
-4.351950904774557927e+00
1.751732625818878120e-01
-4.198044078585087213e+00
-1.992899805478512087e+00
-6.290616300536358452e+00
-2.611724695750925029e+00
-4.037391844430636034e+00
-4.154326123042094920e+00
-5.045172093463606622e+00
-4.864615388130090423e+00
-9.219353697804248959e-01
-1.002190284196202708e+00
-5.994706677370978731e+00
-4.316167259985244087e+00
-4.229450188514253028e+00
-4.969093070157260428e+00
-4.276626154558393900e+00
-1.346685771897372597e+00
-7.022821669647793641e+00
-5.408677393675005440e+00
-5.039660406737830556e+00
-3.366956368870007932e+00
-4.906428593807965477e+00
-3.559382342710531333e+00
-2.463728566623577976e+00
-3.667813589268952512e+00
-3.949413541978162190e+00
-3.609131734001936209e+00
-2.508855821166136923e+00
-2.795323023809359153e+00
-1.408689238974751401e+00
-1.238631763872250380e+00
-1.059843284098712868e+00
-1.606848855044059166e+00
-1.891645590170530689e+00
-4.286907502036525486e-01
-1.707392535958311974e+00
-5.978870021218998243e-01
-3.789915736591257800e-01
-8.084994296416220250e-01
