0.000000000000000000e+00
2.511620781172534955e-01
5.013329342572170333e-01
7.495252583428984039e-01
9.947595486594191794e-01
1.236067977499789583e+00
1.472498210738711677e+00
1.703117166260290638e+00
1.927014696406861294e+00
2.143307179915986627e+00
2.351141009169892548e+00
2.549695958994758538e+00
2.738188423714754460e+00
2.915874509685646210e+00
3.082052971103156569e+00
3.236067977499789361e+00
3.377311702008060301e+00
3.505226720175454780e+00
3.619308209864078307e+00
3.719105943553005389e+00
3.804226065180614125e+00
3.874332644514524304e+00
3.929149002914754440e+00
3.968458805257911060e+00
3.992106913713086236e+00
4.000000000000000000e+00
3.992106913713086236e+00
3.968458805257911504e+00
3.929149002914754885e+00
3.874332644514524304e+00
3.804226065180614569e+00
3.719105943553005833e+00
3.619308209864077863e+00
3.505226720175453892e+00
3.377311702008059857e+00
3.236067977499789805e+00
3.082052971103157013e+00
2.915874509685646210e+00
2.738188423714755348e+00
2.549695958994759426e+00
2.351141009169892993e+00
2.143307179915987959e+00
1.927014696406860850e+00
1.703117166260291526e+00
1.472498210738712565e+00
1.236067977499790027e+00
9.947595486594209557e-01
7.495252583428981819e-01
5.013329342572181435e-01
2.511620781172543282e-01
4.898587196589412829e-16
-2.511620781172533290e-01
-5.013329342572172553e-01
-7.495252583428990700e-01
-9.947595486594182912e-01
-1.236067977499789139e+00
-1.472498210738711677e+00
-1.703117166260289084e+00
-1.927014696406861516e+00
-2.143307179915985738e+00
-2.351141009169890772e+00
-2.549695958994758538e+00
-2.738188423714753572e+00
-2.915874509685646210e+00
-3.082052971103157457e+00
-3.236067977499789361e+00
-3.377311702008061189e+00
-3.505226720175454336e+00
-3.619308209864079195e+00
-3.719105943553005833e+00
-3.804226065180614125e+00
-3.874332644514524748e+00
-3.929149002914754885e+00
-3.968458805257911060e+00
-3.992106913713086236e+00
-4.000000000000000000e+00
-3.992106913713086236e+00
-3.968458805257911504e+00
-3.929149002914754885e+00
-3.874332644514524304e+00
-3.804226065180614569e+00
-3.719105943553006277e+00
-3.619308209864079640e+00
-3.505226720175453448e+00
-3.377311702008060301e+00
-3.236067977499790249e+00
-3.082052971103158345e+00
-2.915874509685648874e+00
-2.738188423714755793e+00
-2.549695958994758538e+00
-2.351141009169892993e+00
-2.143307179915988403e+00
-1.927014696406864402e+00
-1.703117166260291970e+00
-1.472498210738711233e+00
-1.236067977499790471e+00
-9.947595486594213998e-01
-7.495252583428987370e-01
-5.013329342572186986e-01
-2.511620781172530514e-01
-9.797174393178825657e-16
2.511620781172510530e-01
5.013329342572167002e-01
7.495252583428968496e-01
9.947595486594196235e-01
1.236067977499788695e+00
1.472498210738713009e+00
1.703117166260290416e+00
1.927014696406859739e+00
2.143307179915983962e+00
2.351141009169891660e+00
2.549695958994759870e+00
2.738188423714754460e+00
2.915874509685644433e+00
3.082052971103154793e+00
3.236067977499791137e+00
3.377311702008060745e+00
3.505226720175453892e+00
3.619308209864077419e+00
3.719105943553004501e+00
3.804226065180612792e+00
3.874332644514524748e+00
3.929149002914754440e+00
3.968458805257911060e+00
3.992106913713086236e+00
4.000000000000000000e+00
3.992106913713086236e+00
3.968458805257911504e+00
3.929149002914754440e+00
3.874332644514524304e+00
3.804226065180614569e+00
3.719105943553006721e+00
3.619308209864076975e+00
3.505226720175453892e+00
3.377311702008060301e+00
3.236067977499790693e+00
3.082052971103154348e+00
2.915874509685643989e+00
2.738188423714753572e+00
2.549695958994758538e+00
2.351141009169893437e+00
2.143307179915988847e+00
1.927014696406858407e+00
1.703117166260289306e+00
1.472498210738711899e+00
1.236067977499791137e+00
9.947595486594219549e-01
7.495252583428957394e-01
5.013329342572155900e-01
2.511620781172534955e-01
1.469576158976823750e-15
-2.511620781172506089e-01
-5.013329342572127034e-01
-7.495252583428998472e-01
-9.947595486594189573e-01
-1.236067977499788251e+00
-1.472498210738709012e+00
-1.703117166260286641e+00
-1.927014696406862404e+00
-2.143307179915986627e+00
-2.351141009169891216e+00
-2.549695958994756761e+00
-2.738188423714751796e+00
-2.915874509685641769e+00
-3.082052971103152128e+00
-3.236067977499784476e+00
-3.377311702008062522e+00
-3.505226720175455668e+00
-3.619308209864078751e+00
-3.719105943553005389e+00
-3.804226065180613681e+00
-3.874332644514523860e+00
-3.929149002914753996e+00
-3.968458805257910615e+00
-3.992106913713085792e+00
-4.000000000000000000e+00
-3.992106913713086236e+00
-3.968458805257911060e+00
-3.929149002914754440e+00
-3.874332644514524748e+00
-3.804226065180615013e+00
-3.719105943553006721e+00
-3.619308209864080084e+00
-3.505226720175457444e+00
-3.377311702008064298e+00
-3.236067977499790693e+00
-3.082052971103158789e+00
-2.915874509685644433e+00
-2.738188423714754016e+00
-2.549695958994758982e+00
-2.351141009169893881e+00
-2.143307179915989291e+00
-1.927014696406865069e+00
-1.703117166260296189e+00
-1.472498210738712343e+00
-1.236067977499791581e+00
-9.947595486594223990e-01
-7.495252583429032889e-01
-5.013329342572161451e-01
-2.511620781172539951e-01
